

AG: ([-19.63443697739686, 51.67359769558195, 2.2453312202815, 30.04547498881331, 13.027065013166705, 4.243732854941257, 72.06051914580087, 61.68329810284311, 99.88709073805404, -15.19350548866727, 10.931069327880437, 75.54949455056772, 19.03660211237623, 46.266205172504385, -46.393060813998034, -71.2303541363328, 33.10293168335869, 84.51291243056122, -40.37059742483478], 0.008771929824561403)
Random: ([25.08767624326846, 14.599459981773194, 38.006268720381, -29.95257079525129, -77.21943484390522, 15.667827139719577, 97.9232841812181, 86.37865653295108, -92.47022422258337, -9.843620815629777, -49.16705468572016, 25.679013912469955, 59.05424095885263, 46.936172762741734, 12.016032393394013, -82.62974597975898, 31.250027244392896, 58.932330308033244, -23.68549622801514], 0.006024096385542169)